2053
125157
125158
173643
125164
198951
198952
198953
198954
198955
125155
124199
125163
125157
125158
173643
125164
198951
198952
198953
198954
198955
125155
124199
125163
125157
125158
173643
125164
198951
198952
198953
198954
198955
125155
124199
125163
125157
125158
173643
173644
173645
173646
173647
23032
198897
198898
198900
198901
125158
173644
173645
173646
173647
173648
173649
173651
173652
173653
173654
173655
173656
173658
173659
198928
198929
198931
198932
198933
198934
198935
152956
119116
119137
119101
119102
22955
22956
22957
198929
198931
198932
198933
198934
198935
152956
119116
119137
119101
119102
22955
22956
22957
198929
198930
198931
198932
198933
198934
198935
152956
119116
119137
119101
119102
22955
22956
22957
198929
198930
198931
198932
198933
198934
198935
152956
119116
119137
119101
119102
22955
22956
22957
198929
198930
198931
198932
198933
198934
198935
152956
119116
119137
119101
119102
22955
22956
22957
198929
198930
198931
198932
198933
198934
198935
152956
119116
119137
119101
119102
22955
22956
22957
198929
198930
198931
198932
198933
198934
198935
152956
119116
119137
119101
119102
22955
22956
22957
198929
198931
198932
198933
198934
198935
152956
119116
119137
119101
119102
22955
22956
22957
198929
198930
198931
198932
198933
198934
198935
152956
119116
119137
119101
119102
22955
22956
22957
198929
198930
198931
198932
198933
198934
198935
152956
119116
119137
119101
119102
22955
22956
22957
198929
198930
198931
198932
198933
198934
198935
152956
119116
119137
119101
119102
22955
22956
22957
198929
198930
198931
198932
198933
198934
198935
152956
119116
119137
119101
119102
22955
22956
22957
198929
198930
198931
198932
198933
198934
198935
152956
119116
119137
119101
119102
22955
22956
22957
198929
198930
198931
198932
198933
198934
198935
152956
119116
119137
119101
119102
22955
22956
22957
198929
198930
198931
198932
198933
198934
198935
152956
119116
119137
119101
119102
22955
22956
22957
198929
198930
198931
198932
198933
198934
198935
152956
119116
119137
119101
119102
22955
22956
22957
198929
198930
198931
198932
198933
198934
198935
152956
119116
119137
119101
119102
22955
22956
22957
198929
198930
198931
198932
198933
198934
198935
152956
119116
119137
119101
119102
22955
22956
22957
198929
198930
198931
198932
198933
198934
198935
152956
119116
119137
119101
119102
22955
22956
22957
198929
198930
198931
198932
198933
198934
198935
152956
119116
119137
119101
119102
22955
22956
22957
198929
198930
198931
198932
198933
198934
158831
158832
158833
158834
158837
158830
158828
158826
116885
158811
158812
158803
158804
158805
158806
158807
158808
158809
158810
152952
152953
152954
152955
152957
152958
152959
152960
119170
119171
119184
119186
119188
124496
176802
176804
176806
176808
176810
176812
176814
119122
119147
119149
119151
119117
119118
124486
158839
158840
22941
22942
22943
128375
119178
119180
119182
119184
119186
119188
124496
176802
176804
176806
176808
176810
176812
176814
119122
119147
119149
119151
119117
119118
152958
152959
152960
119170
119171
119184
119186
119188
124496
176802
176804
176806
176808
176810
176812
176814
119122
119147
119149
119151
119117
119118
158839
158840
22941
22942
22943
128375
119178
119180
119182
119184
119186
119188
124496
176802
176804
176806
176808
176810
176812
176814
119122
119147
119149
119151
119117
119118
152959
152960
119170
119171
119184
119186
119188
124496
176802
176804
176806
176808
176810
176812
176814
119122
119147
119149
119151
119117
119118
158839
158840
152963
152964
152965
205897
205898
205899
190842
205895
190847
116881
116882
116883
116884
158825
158827
158829
158838
158839
158840
152963
152964
152965
205897
205898
205899
190842
205895
190847
116881
116882
116883
116884
158825
158827
158829
158838
158839
158840
152963
152964
152965
190843
190844
190845
190846
146193
146195
146197
128373
128374
128375
124508
124509
152962
152963
152964
152965
205897
205898
205899
125077
125078
205894
125115
125116
125117
125118
58525
196118
125611
125612
125613
205895
205900
205901
205902
205897
205898
205899
125077
125078
205894
205896
196104
176797
176798
176799
205886
205887
205888
205889
196903
196904
125077
125078
205894
125115
125116
125117
125118
58525
196118
125611
125612
125613
205895
205900
205901
205902
205897
205898
205899
125077
125078
205894
205896
196104
176797
176798
176799
205886
205887
205888
205889
196903
196904
125077
125078
205894
125115
125116
125117
125118
58525
196118
125611
125612
125613
205895
205900
205901
205902
205897
205898
205899
125077
125078
205894
205896
196104
176797
176798
176799
205886
205887
205888
205889
196903
196904
125077
125078
205894
125115
125116
125117
125118
196166
7043
7041
205147
205146
205147
205145
9216
9215
9216
9214
9213
9214
9212
192352
192353
192351
192350
192351
192348
192347
192345
192342
192343
192341
192339
192338
192339
192337
192335
9206
9205
9206
192333
9192
9191
9192
9191
192355
192354
192355
6444
120446
120447
120446
120447
6442
6440
2039
116873
116875
116878
116877
175261
197346
175260
175261
197347
197343
197341
197340
197339
197337
197335
197333
197331
197329
197327
197326
197327
197324
197325
197323
197321
197319
197318
197319
197317
197316
197317
197315
197314
197316
197318
197320
4361
4363
4365
4366
4365
4367
175532
4369
4371
4374
4373
4376
4375
4377
4379
4381
4384
4383
4384
4383
4385
200473
200474
4387
4390
4389
4391
4392
4389
4392
4391
4392
4390
4389
4391
72175
72177
72178
72177
6084
72180
72179
195648
72180
6084
195647
6082
195649
195651
195654
195653
195655
6089
6088
195657
195659
195660
195661
195663
72173
72174
4249
72173
72174
4249
4251
4253
4255
4257
4259
4261
4263
4264
4263
4265
4267
4269
4270
4269
4271
4273
4275
4276
4275
4277
4279
4246
4245
4246
4281
4282
4281
4283
4284
4283
4285
4287
4289
4291
4295
4296
4295
4297
4416
4299
4300
4299
146690
4299
146692
160535
160536
4411
148320
148318
160535
160536
4412
4410
4409
4411
148320
148317
148318
160535
160536
4410
4409
4411
148320
148317
148318
160535
160536
4410
4409
4411
148320
148317
148318
160535
160536
4410
4409
4411
148320
148317
148318
160535
160536
4410
4409
4411
148320
148317
148318
160535
160536
4410
4409
4411
148320
148317
148318
160535
160536
4410
4409
4411
148320
148317
148318
160536
4410
4409
4411
148320
148317
148318
160535
160536
4410
4409
4411
148320
148317
148318
160535
160536
4410
4409
4411
148320
148317
148318
160536
4410
4409
4411
148320
148317
148318
160536
4410
4409
4410
4409
4411
148320
148317
148318
160536
4409
4410
4409
4410
4409
4410
4409
4410
4409
4410
4409
4410
4409
4410
4409
4410
4409
4410
4409
4410
4409
4410
4409
4410
4409
4410
4409
4410
4409
4410
4409
4410
4409
4410
4409
4410
4409
4410
4409
4410
4409
4410
4409
4410
4407
4408
4406
4404
4403
4404
4402
4400
4398
4397
4398
4397
4398
162923
146704
162925
162926
146706
146709
146708
146710
146711
146710
146712
146714
146715
146714
146716
146718
146720
146722
146724
115819
146726
146727
146726
146728
146730
146732
146735
146734
146736
146739
146738
146742
146744
146745
146744
146746
146749
146748
146750
146751
146750
147199
147200
146750
147200
146750
147200
147199
147200
147199
147200
146751
146750
147199
147200
146750
147200
147199
147200
146751
146750
147199
147200
147199
147200
146751
146750
147200
147199
147200
146751
146750
147200
147199
147200
147199
147200
146751
146750
147199
147200
146751
146750
147199
147200
147199
147200
146751
146750
147199
192607
192606
192607
192606
192607
192605
192603
2101
2103
2105
2108
2107
2109
2111
2113
2115
2118
2117
2119
2122
2121
2123
26869
26868
2125
2126
2125
2126
2125
2126
2125
2126
2125
2128
2127
146686
152501
152502
152503
152504
152505
22095
152506
133092
149189
7861
7862
149127
133096
149128
149129
149130
149131
152465
152466
152467
152468
133096
149129
149130
149131
152465
152466
152467
152468
133096
149128
149129
149130
149131
152465
152466
152467
152468
133096
149128
149129
149130
149131
152465
152466
152467
152468
133096
149128
149129
149130
149131
152465
152466
152467
152468
133096
149128
149129
149130
149131
152465
152466
152467
152468
133096
149128
149129
149130
149131
152465
152466
152467
152468
133096
149128
149129
149130
149131
152465
152466
152467
152468
133096
149128
149129
149130
149131
248
247
248
152495
152498
152497
21919
21920
152499
192277
192276
192278
192279
192278
192280
192282
192285
192284
192286
125790
2131
2133
2135
2137
55883
2139
2140
2139
2140
2139
2142
2141
2143
2144
2145
2146
2145
87540
87541
87542
87544
87545
87546
68600
68599
87547
87548
87550
87551
87553
87554
68585
87555
87754
87556
87557
87558
87757
68720
68719
87560
87561
87562
87563
87564
87565
87566
87567
147345
87686
87688
79267
87690
87691
87692
87693
87694
87695
87697
87776
87777
87698
79204
79203
87699
87700
87701
87702
87809
87703
87704
87823
87705
87706
87707
87708
87709
87847
87848
87849
78904
78902
87825
87823
87705
87706
87707
87708
87832
87833
87848
87849
78904
78902
87825
87823
87705
87706
87707
87708
87709
87847
87848
87849
78904
78902
87825
87823
87705
87706
87707
87708
87832
87833
87848
87849
78904
78902
87825
87823
87705
87706
87707
87708
87832
87833
87848
87849
78904
78902
87825
87823
87705
87706
87707
87708
87832
87833
87848
87849
78904
78902
87825
87823
87705
87706
87707
87708
87832
87833
87848
87849
78904
78902
87825
87823
87705
87706
87707
87708
87709
87847
87848
87849
78904
78902
87825
87823
87705
87706
87707
87708
87832
87833
87848
87849
78904
78902
87825
87823
87705
87706
87707
87708
87709
87847
87848
87849
78904
78902
87825
87823
87705
87706
87707
87708
87832
87833
87848
87849
78904
78902
87825
87823
87705
87706
87707
87708
87832
87833
87848
87849
78904
78902
87825
87823
87705
87706
87707
87708
87832
87833
87848
87849
78904
78902
87825
87823
87705
87706
87707
87708
87709
87847
87848
87849
78904
78902
87825
87823
87705
87706
87707
87708
87832
87833
87848
87849
78904
78902
87825
87823
87705
87706
87707
87708
87832
87833
87848
87849
78904
78902
87825
87823
87705
87706
87707
87708
87709
87847
87848
87849
78904
78902
87825
87823
87705
87706
87707
87708
87832
87833
87848
87849
78904
78902
87825
87823
87705
87706
87707
87708
87709
87710
186280
186281
186225
87846
87710
186280
186281
186282
186283
186284
186285
186286
186287
198073
187549
87838
87840
87841
87842
87843
87844
87845
87846
87710
186280
186281
186282
186283
186284
186285
186286
186287
198073
187549
87838
87839
87840
87841
87842
87843
87844
87845
87846
87710
186280
186281
186282
186283
186284
186285
186286
186287
198073
187549
87838
84498
84496
84494
84492
187564
187550
187549
187550
194056
194054
130547
130545
130543
69724
69722
69720
69718
186287
198073
187549
87838
84498
84496
84494
84492
187564
187550
187549
187550
194056
194054
130547
130545
130543
69724
69722
69720
69718
186287
198073
187549
187550
194056
194054
130547
130545
130543
69724
69722
69720
69718
186287
198073
187549
187550
194056
194054
130547
130545
130543
69724
69722
69720
69718
186287
198073
187549
87838
84498
84496
84494
84492
187564
187550
187549
187550
194056
194054
130547
130545
130543
69724
69722
69720
69718
186287
198073
187549
187550
194056
194054
130547
130545
130543
69724
69722
69720
69718
186287
198073
187549
187550
194056
194054
130547
130545
130543
69724
69722
69720
69718
186287
198073
187549
187550
194056
194055
187536
187537
187538
187539
199531
199532
199580
199579
187552
187553
187554
187555
187556
187547
187546
187557
172693
163771
172694
172695
172696
184208
172697
172698
184163
187585
187586
187587
187588
89143
163894
163895
163896
163897
163898
184163
187585
187586
187587
187588
89143
163894
163895
163896
163897
163898
184163
187585
187587
187588
89143
163894
163895
163896
163897
163898
184163
187585
187586
187587
187535
163880
163881
84803
150982
150937
89143
163894
150952
187588
187589
35541
163892
163893
163894
150952
187535
163880
163881
84803
150982
150937
187589
187590
187591
187592
187593
35539
35538
187594
188791
149657
188791
188790
187532
205470
205469
114559
114560
187533
114587
163901
163903
163904
163905
138044
138045
138043
138041
138040
138042
138043
138042
138043
138041
138040
138042
138043
138042
138043
138041
138040
138042
138043
138041
138040
138042
138043
138042
138043
138042
138043
138041
138040
138042
138043
138041
138040
138042
138043
138041
138040
138042
138043
138042
138043
138042
138043
138042
138043
138040
138041
138040
138041
138039
95226
95228
95230
159194
95233
159196
159199
159198
159202
159203
159202
158906
158907
205467
205471
176238
159203
159202
158906
158907
205467
205471
176237
176238
159203
159202
158906
158907
205467
205471
176237
176238
159203
159202
158906
158907
205467
205471
176237
176238
159203
159202
158906
158907
205467
205471
176237
176238
159203
159202
158906
158907
205467
205471
176237
176238
159203
159202
158906
158907
205467
205471
176237
176238
159203
159202
158906
158907
205467
205471
176237
159203
159202
158906
158907
205467
205471
176237
176238
159202
158906
158907
205467
205471
176237
176238
159202
158906
158907
205467
205471
176237
176238
159202
158906
158907
205467
205471
176238
159203
159202
158906
158907
205467
205471
176237
176238
159202
158907
205467
205471
176237
176238
158906
158907
205467
205471
176237
176238
159202
158907
205467
205471
176237
176238
158906
158907
205467
205471
176237
176238
158906
158907
205467
205471
176238
158906
158907
205467
205471
176237
176238
158906
158907
205467
205471
176237
176238
158906
158907
205467
205471
176237
176238
158906
158907
205467
205471
176237
176238
158906
158907
205467
205471
176237
176238
158906
