124
125157
198954
125157
198954
125157
198954
125157
198954
125157
198954
125157
198954
125157
198954
125157
198954
125157
198954
125157
198954
125157
198954
125157
198954
125157
198954
125157
198954
125157
198954
125157
198954
125157
198954
125157
198954
125157
198954
125157
198954
125157
198954
125157
198954
125157
198954
125157
198954
125157
198954
125157
198954
125157
198954
125157
198954
125157
198954
125157
198954
125157
198954
125157
198954
125157
198954
125157
198954
125157
198954
125157
198954
125157
198954
125157
198954
125157
198954
125157
198954
125157
198954
125157
198954
125157
198954
125157
198954
125157
198954
125157
198954
125157
198954
125157
198954
125157
198954
125157
198954
125157
198954
125157
198954
125157
198954
125157
198954
125157
198954
125157
198954
125157
198954
125157
198954
125157
198954
125157
198954
125157
198954
125157
198954
125157
198954
125157
198954
125157
198954
125157
198954
125157
198954
125157
198954
125157
198954
125157
198954
125157
198954
125157
198954
125157
198954
125157
198954
125157
198954
125157
198954
125157
198954
125157
198954
125157
198954
125157
198954
125157
198954
125157
198954
125157
198954
125157
198954
125157
198954
125157
198954


